# Type: scattered data
# Version: 8
# Description: Fault 42 extracted from fault_complete.dat
# Format: free
# Field: 1 x
# Field: 2 y
# Field: 3 z meters
# Field: 4 faultid non-numeric
# Field: 5 lineid non-numeric
# Projection: Universal Transverse Mercator
# Zone: 11
# Units: meters
# Ellipsoid: GRS 1980/NAD83
# Zdatum_above_MSL: 0.000000
# End:
299411.5998	4475983.628	-1908.992941	42	SectionD
299297.1327	4475983.628	-2213.126786	42	SectionD
299420.405	4475983.628	-1885.990064	42	SectionD
299900.2864	4475983.628	-616.5618431	42	SectionD
300217.2723	4475983.628	260.5777957	42	SectionD
300371.3627	4475983.628	793.913958	42	SectionD
300512.2453	4475983.628	1296.395962	42	SectionD
300600.297	4475983.628	1596.12207	42	SectionD
301060.187	4475218.985	1471.22937	42
301054.169	4475225.629	1471.816406	42
301048.152	4475232.273	1472.406982	42
301042.134	4475238.917	1473.030518	42
301036.117	4475245.561	1473.722656	42
301030.1	4475252.206	1474.521606	42
301024.082	4475258.85	1475.46228	42
301018.065	4475265.494	1476.581055	42
301012.048	4475272.138	1477.863647	42
301006.03	4475278.782	1479.239868	42
301000.013	4475285.426	1480.651733	42
300993.996	4475292.071	1482.03418	42
300987.978	4475298.715	1483.323975	42
300981.961	4475305.359	1484.472046	42
300975.944	4475312.003	1485.436768	42
300969.926	4475318.647	1486.196533	42
300963.909	4475325.291	1486.74353	42
300957.891	4475331.936	1487.089966	42
300951.874	4475338.58	1487.267212	42
300945.857	4475345.224	1487.320679	42
300939.839	4475351.868	1487.317139	42
300933.822	4475358.512	1487.33313	42
300927.805	4475365.156	1487.457886	42
300922.434	4475372.559	1487.936157	42
300917.063	4475379.962	1488.729858	42
300911.692	4475387.365	1489.937622	42
300906.322	4475394.768	1491.651489	42
300900.951	4475402.171	1493.856934	42
300895.58	4475409.574	1496.472168	42
300890.209	4475416.977	1499.327026	42
300884.839	4475424.38	1502.278931	42
300879.468	4475431.783	1505.189819	42
300874.097	4475439.186	1507.93689	42
300868.726	4475446.589	1510.414917	42
300863.356	4475453.992	1512.542969	42
300857.985	4475461.395	1514.268311	42
300852.614	4475468.798	1515.568726	42
300847.243	4475476.201	1516.454224	42
300841.873	4475483.603	1516.966309	42
300836.502	4475491.006	1517.175659	42
300831.131	4475498.409	1517.183716	42
300825.76	4475505.812	1517.121338	42
300821.531	4475513.535	1517.507935	42
300817.303	4475521.257	1518.035278	42
300813.074	4475528.979	1518.714844	42
300808.845	4475536.701	1519.552124	42
300804.616	4475544.424	1520.54895	42
300800.387	4475552.146	1521.701538	42
300796.158	4475559.868	1523.000244	42
300791.929	4475567.591	1524.434326	42
300787.7	4475575.313	1525.989502	42
300783.472	4475583.035	1527.649902	42
300779.243	4475590.757	1529.369019	42
300775.014	4475598.48	1531.03833	42
300770.785	4475606.202	1532.613159	42
300766.556	4475613.924	1534.064087	42
300762.327	4475621.646	1535.392212	42
300760.572	4475630.673	1537.221802	42
300758.817	4475639.699	1539.15564	42
300757.062	4475648.725	1541.181152	42
300755.307	4475657.751	1543.283325	42
300753.552	4475666.777	1545.443359	42
300751.797	4475675.803	1547.641724	42
300750.042	4475684.829	1549.854248	42
300748.287	4475693.855	1552.054443	42
300746.532	4475702.881	1554.210938	42
300744.777	4475711.907	1556.290771	42
300743.022	4475720.933	1558.259399	42
300740.539	4475729.483	1559.821655	42
300738.057	4475738.032	1561.188965	42
300735.575	4475746.582	1562.354126	42
300733.093	4475755.132	1563.324951	42
300730.611	4475763.681	1564.110596	42
300728.129	4475772.231	1564.72522	42
300725.646	4475780.781	1565.192017	42
300723.164	4475789.33	1565.537598	42
300720.682	4475797.88	1565.796753	42
300718.2	4475806.43	1566.012329	42
300712.99	4475814.091	1565.046753	42
300707.781	4475821.752	1564.10083	42
300702.572	4475829.413	1563.262695	42
300697.362	4475837.074	1562.626709	42
300692.153	4475844.735	1562.296143	42
300686.943	4475852.396	1562.372803	42
300681.734	4475860.057	1562.94104	42
300676.524	4475867.717	1564.018921	42
300671.315	4475875.378	1565.60437	42
300666.412	4475882.12	1567.391235	42
300661.509	4475888.862	1569.542358	42
300656.606	4475895.604	1571.928711	42
300651.703	4475902.345	1574.466431	42
300646.799	4475909.087	1577.081665	42
300641.896	4475915.829	1579.699463	42
300636.993	4475922.57	1582.252319	42
300632.09	4475929.312	1584.681396	42
300627.187	4475936.054	1586.934937	42
300622.706	4475943.983	1589.263428	42
300618.224	4475951.912	1591.293335	42
300613.742	4475959.841	1593	42
300609.261	4475967.77	1594.373535	42
300604.779	4475975.699	1595.41394	42
300600.297	4475983.628	1596.12207	42
300595.816	4475991.557	1596.505981	42
300591.334	4475999.487	1596.588867	42
300588.325	4476007.51	1596.608398	42
300585.317	4476015.533	1596.460571	42
300582.308	4476023.556	1596.189819	42
300579.299	4476031.579	1595.845947	42
300576.291	4476039.602	1595.484375	42
300573.282	4476047.625	1595.164551	42
300570.273	4476055.649	1594.949951	42
300567.264	4476063.672	1594.904419	42
300564.256	4476071.695	1595.095093	42
300561.247	4476079.718	1595.587646	42
300558.238	4476087.741	1596.44104	42
300555.71	4476096.245	1597.8573	42
300553.182	4476104.749	1599.636963	42
300550.654	4476113.252	1601.740845	42
300548.126	4476121.756	1604.125366	42
300545.598	4476130.26	1606.731689	42
300543.07	4476138.763	1609.491211	42
300540.542	4476147.267	1612.349609	42
300538.013	4476155.771	1615.253418	42
300535.485	4476164.274	1618.151001	42
300532.957	4476172.778	1620.998779	42
300530.429	4476181.282	1623.758301	42
300527.901	4476189.786	1626.397583	42
300523.234	4476197.211	1628.089966	42
300518.566	4476204.636	1629.635376	42
300513.899	4476212.061	1631.212891	42
300509.232	4476219.487	1632.817993	42
300504.564	4476226.912	1634.421387	42
300499.897	4476234.337	1636.002441	42
300495.23	4476241.762	1637.53894	42
300490.562	4476249.188	1639.016724	42
300485.895	4476256.613	1640.422241	42
300481.228	4476264.038	1641.747681	42
300476.56	4476271.464	1642.988525	42
300471.893	4476278.889	1644.144653	42
300467.226	4476286.314	1645.217163	42
300464.468	4476294.588	1647.098389	42
300461.71	4476302.862	1648.860229	42
300458.952	4476311.136	1650.487671	42
300456.194	4476319.41	1651.986816	42
300453.436	4476327.683	1653.671143	42
300453.988	4476335.406	1656.359375	42
300454.539	4476343.128	1659.175903	42
300455.091	4476350.85	1662.064575	42
300455.642	4476358.573	1664.971069	42
300456.194	4476366.295	1667.838379	42
300453.988	4476375.12	1670.298584	42
300451.781	4476383.946	1672.66626	42
300449.575	4476392.771	1674.866333	42
300447.369	4476401.597	1676.821533	42
300445.162	4476410.422	1678.450684	42
300443.783	4476418.696	1679.682617	42
300442.404	4476426.97	1680.447754	42
300441.025	4476435.244	1680.675781	42
300439.646	4476443.518	1680.369385	42
300438.267	4476451.791	1679.596191	42
300436.888	4476460.065	1678.411499	42
300435.509	4476468.339	1676.874023	42
300434.13	4476476.613	1675.039185	42
300431.028	4476484.197	1673.21936	42
300427.925	4476491.782	1671.324707	42
300424.822	4476499.366	1669.393677	42
300421.72	4476506.951	1667.462524	42
300418.617	4476514.535	1665.567017	42
300415.514	4476522.119	1663.742798	42
300412.411	4476529.704	1662.023682	42
300409.309	4476537.288	1660.44519	42
300405.763	4476544.774	1659.17688	42
300402.217	4476552.26	1658.10791	42
300398.671	4476559.746	1657.023071	42
300395.125	4476567.232	1655.866821	42
300391.579	4476574.718	1654.654541	42
300388.033	4476582.203	1653.400391	42
300384.487	4476589.689	1652.119507	42
300385.177	4476597.963	1649.135498	42
300385.866	4476606.237	1646.11499	42
300386.556	4476614.511	1643.088257	42
300387.245	4476622.785	1640.089111	42
300390.003	4476631.059	1636.462036	42
300392.761	4476639.333	1632.943604	42
300395.519	4476647.606	1629.572998	42
300398.277	4476655.88	1626.385986	42
300395.519	4476663.694	1625.202148	42
300392.761	4476671.509	1624.230347	42
300390.003	4476679.323	1623.429565	42
300387.245	4476687.137	1622.779297	42
300384.487	4476694.951	1622.25647	42
300381.729	4476702.766	1621.844116	42
